number_item_current: 205
average_item_processed: 0
prev_machine_state: 2
prediction_energy_consumed: 0
threshold: 0
number_alarm_triggered: 0
actual_shift: A01
row_current_shift: 89
incremental_power_var: 444403.10801826254
incremental_cycle_time_var: 101.68401634817556
incremental_cycle_time_avg: 13.198501872696632
incremental_energy_cost: 90.92914429799997
incremental_items_avg: 2.3033707865168545
incremental_power: 181495.298
incremental_power_avg: 2039.2730112359538
