number_item_current: 65
average_item_processed: 0
prev_machine_state: 1
threshold: 0
number_alarm_triggered: 0
actual_shift: A01
actual_day: 4
row_current_shift: 20
incremental_power_var: 3432.5852990114377
prediction_energy_consumed: 0.19474880397319794
incremental_cycle_time_var: 11.154973616949738
incremental_cycle_time_avg: 18.750000000000004
incremental_energy_cost: 24.292638300000004
incremental_items_avg: 3.25
incremental_power: 48488.299999999996
incremental_power_avg: 2424.415
