number_item_current: 23
average_item_processed: 0
prev_machine_state: 1
prediction_energy_consumed: 0
threshold: 0
number_alarm_triggered: 0
actual_shift: A01
row_current_shift: 7
incremental_power_var: 1189.933285556484
incremental_cycle_time_var: 6.996059078393263
incremental_cycle_time_avg: 18.571428571428573
incremental_energy_cost: 8.55043173
incremental_items_avg: 3.2857142857142856
incremental_power: 17066.73
incremental_power_avg: 2438.1042857142857
