number_item_current: 1386
average_item_processed: 0
prev_machine_state: 0
prediction_energy_consumed: 0
threshold: 0
number_alarm_triggered: 0
actual_shift: A01
actual_day: 4
row_current_shift: 719
incremental_power_var: 1553579.3167013717
incremental_cycle_time_var: 261.6358052734659
incremental_cycle_time_avg: 10.12749188687484
incremental_energy_cost: 579.8319707430011
incremental_items_avg: 1.9276773296244765
incremental_power: 1157349.243000001
incremental_power_avg: 1609.6651502086247
